nomes OR bíblicos
[6, 8, 16, 28, 35, 47, 54, 56, 59, 60, 61, 65, 67, 73, 83, 90, 101, 103, 109, 132, 134, 136, 142, 145, 151, 152]


nomes AND bíblicos
[136]


Estados OR Unidos
[2, 6, 7, 8, 9, 28, 29, 30, 31, 32, 34, 39, 42, 45, 50, 54, 55, 56, 61, 62, 63, 65, 66, 67, 68, 83, 86, 89, 90, 96, 97, 102, 117, 124, 125, 127, 130, 131, 134, 135, 139, 142, 143, 144, 145, 146, 149, 151, 153, 154]


Estados AND Unidos
[2, 6, 7, 8, 9, 28, 29, 30, 32, 34, 42, 45, 54, 55, 56, 61, 62, 65, 66, 68, 86, 89, 90, 96, 102, 117, 124, 125, 127, 130, 131, 134, 139, 142, 143, 149, 151, 153, 154]


Winston OR Churchill
[90]


Winston AND Churchill
Nenhum documento contem essas duas palavras
